#FIG 3.2  Produced by xfig version 3.2.5b
Landscape
Center
Metric
A4      
100.00
Single
-2
1200 2
0 32 #414541
0 33 #c0c0c0
0 34 #9c0000
0 35 #8c8c8c
0 36 #424242
0 37 #8c8c8c
0 38 #8c8c8c
0 39 #424242
0 40 #8c8c8c
0 41 #424242
0 42 #8c8c8c
0 43 #424242
6 7605 4590 7875 4905
4 0 0 50 -1 0 20 0.0000 4 225 150 7605 4905 k\001
4 0 0 50 -1 0 20 0.0000 4 225 90 7785 4815 i\001
-6
6 3960 2610 7515 6525
6 3960 2610 7515 6525
6 6570 3735 7020 4185
6 6570 3735 7020 4185
1 3 0 1 0 7 50 -1 -1 0.000 1 0.0000 6795 3960 225 225 6795 3960 6975 4095
-6
4 0 0 50 -1 0 20 0.0000 4 135 165 6705 4050 +\001
-6
6 5355 3780 5940 4185
4 0 0 50 -1 0 20 0.0000 4 300 585 5355 4095 f(x )\001
4 0 0 50 -1 0 20 0.0000 4 225 90 5715 4005 i\001
-6
6 6570 4635 7020 5085
6 6570 4635 7020 5085
1 3 0 1 0 7 50 -1 -1 0.000 1 0.0000 6795 4860 225 225 6795 4860 6975 4995
-6
4 0 0 50 -1 0 20 0.0000 4 135 165 6705 4950 +\001
-6
2 2 0 1 0 7 50 -1 -1 0.000 0 0 -1 0 0 5
	 6120 2610 7515 2610 7515 3240 6120 3240 6120 2610
2 1 0 1 0 7 50 -1 -1 0.000 0 0 -1 1 0 2
	1 1 1.00 60.00 120.00
	 6795 3240 6795 3780
2 1 0 1 0 7 50 -1 -1 0.000 0 0 -1 0 0 4
	 4680 3240 4680 5265 6885 6120 6885 6525
2 1 0 1 0 7 50 -1 -1 0.000 0 0 -1 1 0 2
	1 1 1.00 60.00 120.00
	 6075 3960 6570 3960
2 1 0 1 0 7 50 -1 -1 0.000 0 0 -1 0 0 4
	 6795 5085 6795 5400 4725 6165 4725 6525
2 1 0 1 0 7 50 -1 -1 0.000 0 0 -1 0 1 2
	1 1 1.00 60.00 120.00
	 7020 4860 7515 4860
2 2 0 1 0 7 50 -1 -1 0.000 0 0 -1 0 0 5
	 3960 2610 5355 2610 5355 3240 3960 3240 3960 2610
-6
2 4 0 1 0 7 50 -1 -1 0.000 0 0 7 0 0 5
	 6075 4320 6075 3645 5220 3645 5220 4320 6075 4320
2 1 0 1 0 7 50 -1 -1 0.000 0 0 -1 1 0 2
	1 1 1.00 60.00 120.00
	 4680 4005 5220 4005
2 1 0 1 0 7 50 -1 -1 0.000 0 0 -1 1 0 2
	1 1 1.00 60.00 120.00
	 6795 4185 6795 4635
-6
6 3960 6525 7515 10440
6 3960 6525 7515 10440
6 6570 7650 7020 8100
6 6570 7650 7020 8100
1 3 0 1 0 7 50 -1 -1 0.000 1 0.0000 6795 7875 225 225 6795 7875 6975 8010
-6
4 0 0 50 -1 0 20 0.0000 4 135 165 6705 7965 +\001
-6
6 5355 7695 5940 8100
4 0 0 50 -1 0 20 0.0000 4 300 585 5355 8010 f(x )\001
4 0 0 50 -1 0 20 0.0000 4 225 90 5715 7920 i\001
-6
6 6570 8550 7020 9000
6 6570 8550 7020 9000
1 3 0 1 0 7 50 -1 -1 0.000 1 0.0000 6795 8775 225 225 6795 8775 6975 8910
-6
4 0 0 50 -1 0 20 0.0000 4 135 165 6705 8865 +\001
-6
2 2 0 1 0 7 50 -1 -1 0.000 0 0 -1 0 0 5
	 6120 6525 7515 6525 7515 7155 6120 7155 6120 6525
2 1 0 1 0 7 50 -1 -1 0.000 0 0 -1 1 0 2
	1 1 1.00 60.00 120.00
	 6795 7155 6795 7695
2 1 0 1 0 7 50 -1 -1 0.000 0 0 -1 0 0 4
	 4680 7155 4680 9180 6885 10035 6885 10440
2 1 0 1 0 7 50 -1 -1 0.000 0 0 -1 1 0 2
	1 1 1.00 60.00 120.00
	 6075 7875 6570 7875
2 1 0 1 0 7 50 -1 -1 0.000 0 0 -1 0 0 4
	 6795 9000 6795 9315 4725 10080 4725 10440
2 1 0 1 0 7 50 -1 -1 0.000 0 0 -1 0 1 2
	1 1 1.00 60.00 120.00
	 7020 8775 7515 8775
2 2 0 1 0 7 50 -1 -1 0.000 0 0 -1 0 0 5
	 3960 6525 5355 6525 5355 7155 3960 7155 3960 6525
-6
2 4 0 1 0 7 50 -1 -1 0.000 0 0 7 0 0 5
	 6075 8235 6075 7560 5220 7560 5220 8235 6075 8235
2 1 0 1 0 7 50 -1 -1 0.000 0 0 -1 1 0 2
	1 1 1.00 60.00 120.00
	 4680 7920 5220 7920
2 1 0 1 0 7 50 -1 -1 0.000 0 0 -1 1 0 2
	1 1 1.00 60.00 120.00
	 6795 8100 6795 8550
-6
6 7605 8595 8190 8910
4 0 0 50 -1 0 20 0.0000 4 225 150 7605 8910 k\001
4 0 0 50 -1 0 20 0.0000 4 225 405 7785 8820 i+1\001
-6
6 4950 1980 6075 3060
2 3 0 1 0 7 100 0 20 0.000 0 0 7 0 0 16
	 6053 2068 5882 1988 5799 2211 5440 2154 5482 2542 5223 2648
	 5164 2707 5025 2428 4955 3054 5581 2984 5303 2846 5362 2788
	 5632 2655 5593 2320 5938 2349 6053 2068
-6
2 2 0 1 0 7 50 -1 -1 0.000 0 0 -1 0 0 5
	 3870 10440 5220 10440 5220 11070 3870 11070 3870 10440
2 2 0 1 0 7 50 -1 -1 0.000 0 0 -1 0 0 5
	 6210 10440 7560 10440 7560 11070 6210 11070 6210 10440
4 0 0 50 -1 0 20 0.0000 4 150 150 4275 1305 x\001
4 0 0 50 -1 0 20 0.0000 4 225 465 5265 900 T-2\001
4 0 0 50 -1 0 20 0.0000 4 150 150 4455 3060 x\001
4 0 0 50 -1 0 20 0.0000 4 225 150 6705 3060 y\001
4 0 0 50 -1 0 20 0.0000 4 225 465 6795 3015 T-2\001
4 0 0 50 -1 0 20 0.0000 4 225 465 4590 2970 T-2\001
4 0 0 50 -1 0 20 0.0000 4 150 150 4455 6930 x\001
4 0 0 50 -1 0 20 0.0000 4 225 150 6615 6885 y\001
4 0 0 50 -1 0 20 0.0000 4 225 465 6750 6840 T-1\001
4 0 0 50 -1 0 20 0.0000 4 150 150 4365 10845 x\001
4 0 0 50 -1 0 20 0.0000 4 225 150 6480 10800 y\001
4 0 0 50 -1 0 20 0.0000 4 225 210 6615 10710 T\001
4 0 0 50 -1 0 20 0.0000 4 225 210 4455 10755 T\001
4 0 0 50 -1 0 20 0.0000 4 225 465 4590 6840 T-1\001
4 0 0 50 -1 0 20 0.0000 4 225 930 5805 1845 Fault e\001
